0.264668
0.247544
0.271767
0.244307
0.268636
0.233859
0.233253
0.248410
0.231109
0.214942
0.224361
0.234727
0.213552
0.211990
0.210176
0.227544
0.228637
0.215301
0.211798
0.251646
0.219048
0.244053
0.212514
0.214842
0.215944
0.239541
0.213044
0.214523
0.232477
0.224587
0.213728
0.221627
0.239531
0.220595
0.212193
0.221229
0.204318
0.223722
0.211359
0.214438
0.212142
0.215416
0.213913
0.208128
0.227138
0.222258
0.215923
0.233877
0.215111
0.220676
0.212348
0.209880
0.209965
0.221479
0.204478
0.216264
0.210001
0.210648
0.211739
0.208643
0.231958
0.243023
0.216487
0.211155
0.217060
0.210969
0.214657
0.228080
0.222494
0.213284
0.234780
0.212161
0.228017
0.220959
0.211202
0.210756
0.213681
0.210658
0.213032
0.222545
0.228329
0.224268
0.226752
0.260765
0.211092
0.225013
0.222185
0.230665
0.235174
0.212171
0.214762
0.222343
0.210376
0.235494
0.212684
0.214006
0.218396
0.212302
0.212935
0.243552
0.242648
0.215646
0.226107
0.247440
0.239283
0.250571
0.249853
0.234793
0.213089
0.222783
0.232559
0.211140
0.229701
0.257800
0.252970
0.281650
0.242026
0.233698
0.237176
0.228986
0.241435
0.231462
0.228659
0.217388
0.230490
0.244803
0.261018
0.252660
0.264691
0.245105
0.249164
0.256790
0.270756
0.265835
0.261171
0.270585
0.263582
0.263133
0.228078
0.222438
0.238538
0.231383
0.231375
0.230176
0.229534
0.231479
0.246142
0.250936
0.236817
0.256551
0.224314
0.240759
0.260919
0.258063
0.245480
0.246970
0.250071
0.253390
0.262138
0.224637
0.214861
0.227845
0.247245
0.244931
0.245141
0.254247
0.206156
0.253991
0.220258
0.235090
0.228020
0.245445
0.241517
0.251722
0.243975
0.231400
0.236539
0.240070
0.230614
0.244840
0.239653
0.254974
0.214890
0.228000
0.214800
0.230409
0.216608
0.240177
0.223567
0.230119
0.245248
0.243664
0.236918
0.220139
0.234057
0.234067
0.246721
0.223121
0.233261
0.237162
0.220901
0.216482
0.220380
0.238179
0.239360
0.222696
0.217349
0.221449
0.227243
0.239145
0.224357
0.220737
0.213755
0.230730
0.235487
0.215804
0.221446
0.231317
0.221633
0.225457
0.219710
0.222231
0.231314
0.246324
0.228459
0.234811
0.227659
0.233241
0.224116
0.214526
0.226369
0.231224
0.229873
0.228688
0.211583
0.212490
0.235437
0.248765
0.242847
0.230701
0.230403
0.218306
0.225617
0.234398
0.231187
0.223460
0.217096
0.226366
0.263522
0.257418
0.243356
0.224186
0.224655
0.226283
0.239178
0.224547
0.233248
0.237634
0.230485
0.227454
0.233508
0.219991
0.224334
0.226784
0.253118
0.215086
0.247962
0.273036
0.238760
0.233679
0.247392
0.242736
0.227323
0.222858
0.233416
0.224896
0.244964
0.233699
0.253506
0.263279
0.247586
0.236424
0.223195
0.225019
0.222676
0.241656
0.233446
0.224118
0.228443
0.235016
0.231585
0.229941
0.216430
0.233697
0.236929
0.265807
0.235867
0.225400
0.237595
0.264077
0.228412
0.228708
0.237834
0.228082
0.231653
0.233369
0.220121
0.216096
0.211966
0.228112
0.226153
0.216739
0.216019
0.219994
0.226888
0.212878
0.213529
0.215220
0.216757
0.211052
0.248125
0.232905
0.226622
0.217406
0.216904
0.215723
0.212906
0.214794
0.213453
0.212661
0.214743
0.221539
0.204578
0.223812
0.225981
0.225778
0.242093
0.209505
0.213745
0.216472
0.213398
0.219093
0.245642
0.215882
0.232763
0.225282
0.231895
0.226525
0.239171
0.251948
0.227586
0.216776
0.224742
0.233423
0.231129
0.212455
0.213934
0.225899
0.238196
0.222633
0.214279
0.213164
0.213001
0.216170
0.233619
0.237515
0.239372
0.235151
0.214950
0.230255
0.226789
0.236333
0.216652
0.211457
0.209684
0.235729
0.214767
0.208783
0.210309
0.219825
0.223754
0.211170
0.233795
0.221735
0.219721
0.208140
0.208905
0.212457
0.209825
0.209727
0.216043
0.228017
0.220547
0.230792
0.215372
0.216230
0.222997
0.225422
0.217006
0.235721
0.229647
0.218704
0.237347
0.213331
0.230779
0.242152
0.256921
0.225793
0.221175
0.219236
0.229436
0.214849
0.223116
0.212731
0.220828
0.233744
0.251404
0.215836
0.214856
0.224059
0.218479
0.226498
0.248572
0.228151
0.212829
0.295555
0.231650
0.217007
0.246599
0.207409
0.219039
0.212397
0.227790
0.225159
0.208913
0.219742
0.230339
0.225263
0.209919
0.208691
0.237769
0.214564
0.211594
0.219986
0.228750
0.225805
0.216236
0.212909
0.234612
0.215153
0.215529
0.212992
0.222333
0.230986
0.233261
0.248356
0.246983
0.247814
0.236201
0.232646
0.229785
0.228853
0.253466
0.227492
0.227000
0.237025
0.251731
0.270590
0.252214
0.233158
0.245725
0.254562
0.223489
0.222075
0.217810
0.220652
0.226707
0.227116
0.227935
0.237960
0.237107
0.254468
0.242487
0.255429
0.255659
0.253509
0.249220
0.217561
0.228985
0.221487
0.212411
0.229798
0.237936
0.221421
0.234275
0.222915
0.236579
0.215789
0.238685
0.234547
0.233436
0.215739
0.211187
0.238445
0.234820
0.241575
0.225890
0.214221
0.216834
0.230701
0.224887
0.227178
0.229556
0.211168
0.214342
0.236767
0.212223
0.227710
0.231762
0.238087
0.231479
0.224020
0.225261
0.214380
0.213207
0.220662
0.222318
0.211660
0.216349
0.226488
0.213919
0.223972
0.227441
0.237881
0.230778
0.211856
0.223878
0.217370
0.232740
0.229240
0.228378
0.215963
0.215054
0.211056
0.224392
0.215999
0.225241
0.250308
0.212779
0.212354
0.240983
0.278663
0.213939
0.218977
0.228330
0.213682
0.214841
0.212060
0.208810
0.211761
0.210865
0.213646
0.211780
0.233768
0.219668
0.224155
0.223366
0.233376
0.215306
0.245429
0.233429
0.257769
0.235293
0.225643
0.212783
0.221691
0.222696
0.220681
0.252632
0.219374
0.222848
0.225543
0.231597
0.243133
0.216879
0.214639
0.222039
0.227835
0.218186
0.213874
0.210711
0.215691
0.215507
0.212417
0.241409
0.214359
0.210213
0.224611
0.234847
0.208857
0.219927
0.219069
0.211934
0.218056
0.225609
0.210208
0.211583
0.252843
0.252937
0.236282
0.248174
0.239924
0.235177
0.220481
0.221585
0.224869
0.249298
0.225578
0.219700
0.231737
0.227875
0.246407
0.276060
0.270005
0.230026
0.247399
0.234486
0.225035
0.246466
0.231675
0.222511
0.235020
0.219931
0.238537
0.224531
0.222588
0.259313
0.265087
0.253457
0.246617
0.242827
0.229865
0.230013
0.229551
0.221547
0.225507
0.210422
0.218398
0.228036
0.223764
0.213864
0.212964
0.210725
0.212652
0.218964
0.219643
0.227781
0.211032
0.225142
0.247182
0.224346
0.221887
0.210882
0.209376
0.218776
0.244135
0.212030
0.216122
0.216540
0.218703
0.245562
0.213417
0.225028
0.212886
0.217440
0.237180
0.217662
0.212564
0.214887
0.214915
0.215829
0.250237
0.246803
0.214606
0.230646
0.220030
0.211000
0.226155
0.224095
0.207142
0.228986
0.228752
0.219047
0.234873
0.226169
0.220934
0.218415
0.214851
0.223279
0.213455
0.225121
0.213192
0.212855
0.248772
0.216340
0.213117
0.255556
0.218357
0.222542
0.244229
0.226587
0.230188
0.222810
0.230799
0.207208
0.202932
0.233344
0.236311
0.211643
0.225155
0.262331
0.220027
0.215067
0.221098
0.217610
0.216242
0.228111
0.225531
0.226298
0.220689
0.214171
0.208957
0.212543
0.211265
0.219536
0.231993
0.225628
0.215301
0.218873
0.223231
0.211672
0.217473
0.215443
0.252822
0.222450
0.212000
0.212261
0.208419
0.210475
0.215473
0.212300
0.212960
0.219439
0.235493
0.226895
0.223646
0.225603
0.222648
0.213313
0.219942
0.235509
0.225735
0.211277
0.209341
0.213203
0.212177
0.218213
0.221219
0.223273
0.212213
0.211170
0.212729
0.219916
0.212852
0.239311
0.216672
0.213782
0.241270
0.216713
0.211415
0.219852
0.229074
0.215765
0.226987
0.228307
0.218830
0.237207
0.272771
0.214925
0.214733
0.214062
0.214333
0.215493
0.224395
0.227436
0.212781
0.220721
0.228107
0.218205
0.220928
0.234910
0.216374
0.217211
0.222199
0.237002
0.234580
0.215690
0.222757
0.223246
0.213825
0.222291
0.232962
0.233379
0.213504
0.219948
0.227927
0.219793
0.220835
0.237635
0.269391
0.218423
0.243890
0.249115
0.255720
0.230354
0.238172
0.229214
0.230496
0.239467
0.231712
0.230558
0.241980
0.250242
0.257131
0.261084
0.266191
0.229531
0.227935
0.253190
0.227998
0.230075
0.234509
0.237859
0.228309
0.246834
0.221776
0.241933
0.230637
0.226126
0.236783
0.225314
0.226660
0.224451
0.231649
0.228161
0.231810
0.236879
0.217919
0.225819
0.215050
0.216775
0.215105
0.244858
0.216816
0.227726
0.222063
0.221979
0.221554
0.229306
0.225561
0.258492
0.237001
0.249697
0.239216
0.233395
0.272744
0.266981
0.243966
0.242323
0.233675
0.233409
0.215576
0.217036
0.219689
0.248222
0.230137
0.244017
0.232050
0.232770
0.227445
0.228873
0.243952
0.216430
0.213265
0.227703
0.248817
0.217085
0.219531
0.218318
0.214920
0.213144
0.213888
0.227113
0.215103
0.212834
0.212169
0.216275
0.211845
0.237991
0.212719
0.227646
0.229465
0.215540
0.216208
0.229854
0.231249
0.231196
0.228900
0.211867
0.212807
0.225474
0.239014
0.224499
0.225771
0.217068
0.235131
0.211582
0.215829
0.231339
0.223836
0.228720
0.213663
0.213181
0.223449
0.217768
0.218168
0.237918
0.212429
0.212262
0.213166
0.214024
0.215220
0.220380
0.238307
0.228360
0.213090
0.221469
0.233449
0.221343
0.214601
0.212617
0.214860
0.242694
0.236568
0.215227
0.215259
0.215092
0.219745
0.226525
0.213799
0.235704
0.210859
0.226922
0.252317
0.232743
0.222403
0.229181
0.220374
0.227507
0.213924
0.219933
0.204747
0.233283
0.213029
0.223869
0.222968
0.215106
0.231188
0.217545
0.220158
0.226833
0.229264
0.219387
0.219040
0.233653
0.229674
0.204597
0.226112
0.214416
0.216942
0.210903
0.212809
0.228606
0.214255
0.214329
0.224196
0.215603
0.235911
0.215898
0.214885
