0.222090
0.220717
0.246995
0.270711
0.248927
0.239303
0.222640
0.241241
0.242602
0.262948
0.258168
0.209234
0.215270
0.209405
0.221431
0.209844
0.225897
0.213527
0.210582
0.213146
0.208177
0.209021
0.202152
0.221545
0.214251
0.206102
0.221672
0.201446
0.223702
0.220324
0.212509
0.217280
0.231020
0.220091
0.213510
0.218817
0.205123
0.217035
0.225080
0.205471
0.216008
0.201915
0.219132
0.210608
0.215821
0.212371
0.213285
0.203195
0.209935
0.227910
0.218206
0.206348
0.206212
0.207364
0.206637
0.245295
0.204963
0.217498
0.203198
0.207863
0.222261
0.219400
0.209924
0.223288
0.236840
0.217046
0.221730
0.212985
0.211379
0.218574
0.212055
0.211066
0.206611
0.204038
0.213737
0.232212
0.223180
0.218122
0.229331
0.246009
0.217428
0.232827
0.235186
0.243727
0.220803
0.242556
0.242341
0.240312
0.248370
0.234656
0.248662
0.226687
0.226285
0.207293
0.223222
0.237315
0.219276
0.231318
0.223744
0.213712
