1.909675
1.653273
1.463532
1.493335
1.453361
1.511802
1.424095
1.508748
1.506361
1.400409
1.460855
1.467035
1.386032
1.422889
1.529085
1.454950
1.418962
1.436116
1.429550
1.364177
1.425498
1.447846
1.345490
1.351276
1.468227
1.466804
1.458340
1.485794
1.312800
1.519892
1.420973
1.414775
1.491377
1.423566
1.408614
1.434356
1.383499
1.328316
1.459478
1.408211
1.330947
1.357648
1.461056
1.414231
1.299846
1.440781
1.454037
1.197276
1.435201
1.355527
1.390747
1.447522
1.399038
1.432511
1.315844
1.419255
1.303336
1.340294
1.429008
1.414132
1.421620
1.445085
1.327971
1.400219
1.440433
1.348741
1.378797
1.444636
1.401436
1.329502
1.315862
1.433575
1.399193
1.409642
1.464514
1.539972
1.379176
1.413864
1.354865
1.471531
1.452495
1.430434
1.427289
1.404345
1.402891
1.290060
1.423940
1.359446
1.321657
1.406791
1.507124
1.358828
1.285926
1.437788
1.337046
1.729861
1.336617
1.235194
1.244047
1.276220
