0.723081
0.592482
0.587059
0.667060
0.722701
0.829790
0.648415
0.571672
0.542008
0.557021
0.519099
0.591593
0.530772
0.513663
0.512416
0.485265
0.528915
0.563783
0.477313
0.544159
0.550407
0.560015
0.546281
0.482196
0.523549
0.518060
0.488941
0.473556
0.519969
0.504678
0.539380
0.499107
0.441206
0.489453
0.510553
0.530462
0.482653
0.483695
0.505593
0.531509
0.509208
0.527391
0.548988
0.561789
0.489731
0.542819
0.613869
0.530522
0.548698
0.543969
0.569491
0.549300
0.503333
0.543572
0.504208
0.551841
0.518285
0.565634
0.532998
0.520743
0.503299
0.470233
0.543508
0.545432
0.563163
0.533305
0.556205
0.546003
0.525077
0.506436
0.562108
0.542010
0.551359
0.544368
0.537864
0.536675
0.546017
0.576705
0.547677
0.593085
0.591212
0.551937
0.465392
0.532254
0.606068
0.581436
0.551446
0.550722
0.578590
0.545013
0.607824
0.602373
0.648307
0.635524
0.662524
0.744782
0.783404
0.538605
0.565509
0.704996
