2.479418
2.419353
2.570406
2.396071
2.342489
2.403157
2.357271
2.368723
2.355648
2.318297
2.423080
2.234499
2.376065
2.390419
2.412819
2.304703
2.375838
2.407418
2.349615
2.294052
2.356809
2.318470
2.289191
2.350242
2.354650
2.351205
2.319252
2.299239
2.286201
2.384454
2.355261
2.448117
2.264769
2.428022
2.345180
2.239223
2.407726
2.318454
2.308660
2.336593
2.392555
2.336962
2.427417
2.316521
2.391393
2.347747
2.341767
2.338091
2.331978
2.343445
2.305402
2.321203
2.297426
2.310358
2.283555
2.411229
2.328677
3.071623
2.190466
2.302651
2.313048
2.308572
2.360979
2.344763
2.362562
2.287593
2.352162
2.301559
2.292182
2.331653
2.294805
2.109695
2.247882
2.317048
2.482913
2.224349
2.407757
2.256507
2.410603
2.399217
2.231344
2.403952
2.359615
2.420159
2.352245
2.431676
2.329069
2.438713
2.277830
2.264314
2.401465
2.380721
2.370921
2.380715
2.352886
2.403957
2.367336
2.376146
2.352462
2.393381
