0.256650
0.275673
0.252920
0.235943
0.265458
0.213044
0.269329
0.286545
0.253047
0.179342
0.192028
0.203249
0.210104
0.207153
0.186616
0.198957
0.212508
0.225256
0.173694
0.182511
0.198582
0.199081
0.199395
0.180961
0.214184
0.189632
0.188472
0.187998
0.223998
0.197865
0.209671
0.198118
0.192689
0.181320
0.192588
0.180413
0.190804
0.182673
0.182378
0.160951
0.191378
0.194086
0.190554
0.166312
0.169808
0.214380
0.183970
0.201818
0.193043
0.192271
0.201001
0.198009
0.176259
0.247095
0.193858
0.183405
0.188265
0.195412
0.175903
0.188002
0.170564
0.205871
0.187471
0.177867
0.181875
0.195932
0.188134
0.191343
0.193426
0.219654
0.162660
0.190399
0.223145
0.185011
0.213788
0.185238
0.194729
0.191931
0.216285
0.191882
0.199509
0.203423
0.186286
0.216960
0.257952
0.275994
0.237613
0.226296
0.207277
0.230053
0.192256
0.188678
0.228330
0.192374
0.184469
0.202354
0.186172
0.305185
0.363452
0.292944
