1.494737
1.308902
1.423295
1.440489
1.472470
1.337338
1.288019
1.376834
1.388881
1.294875
1.344464
1.329977
1.380677
1.350695
1.300336
1.256027
1.341308
1.325356
1.298832
1.332724
1.347251
1.311620
1.238197
1.396527
1.246047
1.216572
1.335464
1.373559
1.300175
1.261441
1.240972
1.322602
1.283113
1.287534
1.221924
1.294153
1.240979
1.271374
1.284685
1.274141
1.245292
1.240487
1.265192
1.254906
1.272917
1.144728
1.235103
1.275840
1.251194
1.368777
1.084652
1.313013
1.344708
1.093938
1.100964
1.123561
1.072785
0.986700
1.086331
1.062295
1.138915
1.117680
1.006999
1.051022
1.012123
1.183835
1.090791
1.123027
1.080194
1.162518
1.119578
1.086581
1.088218
1.074596
1.160150
0.908164
1.088330
1.114115
1.085510
1.084685
1.110313
1.076325
1.104309
1.133605
1.120649
1.084256
1.104710
1.074270
1.136384
1.117959
1.055413
1.103156
1.155768
1.183191
1.097923
1.007722
1.086219
1.165483
1.079613
1.114691
