0.329596
0.329040
0.341555
0.317046
0.246445
0.287172
0.276098
0.241964
0.230542
0.232880
0.227360
0.245084
0.231746
0.202752
0.231711
0.318145
0.321756
0.297366
0.318249
0.247397
0.259038
0.235931
0.250946
0.257049
0.239931
0.216150
0.343801
0.461810
0.340198
0.310781
0.266510
0.258532
0.293168
0.240135
0.236192
0.224722
0.257294
0.239199
0.244453
0.230717
0.250462
0.249778
0.233881
0.236230
0.235687
0.251867
0.235933
0.225515
0.239955
0.243685
0.241651
0.227635
0.227655
0.247347
0.236830
0.249956
0.246888
0.234723
0.218565
0.237361
0.228022
0.235752
0.260610
0.240440
0.240117
0.257688
0.310169
0.368171
0.333041
0.368727
0.406189
0.380722
0.320431
0.257691
0.301405
0.263193
0.269462
0.233269
0.259511
0.238603
0.248289
0.235776
0.251748
0.271006
0.262764
0.253506
0.230493
0.236514
0.260778
0.260869
0.259690
0.248812
0.240096
0.244637
0.261088
0.244524
0.245542
0.244734
0.268900
0.261108
