1.300256
1.345567
1.041579
1.038408
0.964816
1.048884
1.016191
0.993264
1.019780
1.041824
1.045758
1.026062
1.073594
1.035608
1.021316
1.089912
1.045800
1.075719
1.020100
1.030595
1.102669
1.076665
1.068828
1.036498
1.029011
1.062068
1.125614
1.072682
1.026740
1.027380
1.041610
0.979722
0.966520
1.048852
1.074501
1.059327
0.997078
0.986137
1.021780
1.058122
1.029678
1.067727
1.005442
1.072076
1.095721
1.016881
0.968348
1.028849
0.938524
1.012616
1.101112
0.932458
1.152336
1.031146
1.097564
0.978754
0.974880
0.960087
0.940444
1.016266
1.029167
0.894270
1.026646
1.020564
1.058221
1.053937
0.993974
1.025892
0.984511
1.062937
1.033721
0.981135
0.993659
0.957624
1.031506
0.952308
0.960258
0.973591
1.015616
1.152904
1.032016
1.005628
0.894345
1.126349
1.071811
1.144016
0.867472
0.857671
0.877582
0.705716
0.924350
0.895357
0.885839
0.900049
0.878623
0.814850
0.869386
0.875243
0.882976
0.898407
