0.213528
0.154406
0.184611
0.180866
0.176454
0.165860
0.155158
0.131954
0.163730
0.155823
0.158822
0.160696
0.149547
0.136730
0.118403
0.115740
0.128590
0.127505
0.156945
0.174561
0.152743
0.217027
0.149012
0.151875
0.146455
0.142161
0.130869
0.136551
0.195443
0.207887
0.228647
0.216168
0.139543
0.135381
0.125370
0.131464
0.125340
0.132776
0.209709
0.124807
0.143627
0.123215
0.146757
0.119508
0.131669
0.120271
0.143994
0.117764
0.133922
0.129870
0.116417
0.134669
0.119198
0.140286
0.122254
0.128790
0.122882
0.142892
0.117666
0.151324
0.118875
0.153188
0.120331
0.149537
0.119212
0.135706
0.143907
0.119531
0.142371
0.128675
0.132061
0.117049
0.133215
0.116461
0.130485
0.116707
0.134876
0.120195
0.129257
0.130979
0.133290
0.119697
0.126679
0.132653
0.120435
0.142278
0.121291
0.132702
0.119181
0.130589
0.117621
0.134711
0.119110
0.139285
0.119258
0.126992
0.129457
0.131131
0.118439
0.131213
