0.220512
0.223258
0.211711
0.284056
0.264588
0.219188
0.215104
0.227185
0.235212
0.221078
0.148238
0.185705
0.265232
0.267463
0.261325
0.206830
0.153060
0.146914
0.177221
0.217430
0.144448
0.160748
0.276039
0.325909
0.344055
0.182648
0.193196
0.177460
0.168407
0.160502
0.152077
0.150966
0.175267
0.146341
0.129439
0.156478
0.160503
0.147982
0.156420
0.158250
0.118323
0.156960
0.163050
0.175765
0.244985
0.192395
0.144632
0.162155
0.155865
0.158743
0.158236
0.149567
0.247272
0.188593
0.164651
0.224738
0.160122
0.177177
0.154127
0.163018
0.128567
0.145974
0.142798
0.173946
0.140549
0.177554
0.169766
0.171295
0.158759
0.149758
0.146846
0.170427
0.184486
0.164941
0.152208
0.123675
0.139327
0.141717
0.168889
0.170550
0.218596
0.160956
0.152058
0.157198
0.170349
0.170117
0.158245
0.157471
0.146783
0.135264
0.165868
0.182681
0.158418
0.165772
0.149595
0.140161
0.155806
0.152504
0.147558
0.166311
