1.287547
1.262735
1.236867
1.242061
1.419772
1.143917
1.180280
1.219716
1.230004
1.146097
1.120533
1.141070
1.156405
1.212523
1.180379
1.151144
1.249124
1.212436
1.243983
1.185475
1.229010
1.219191
1.173821
1.217644
1.249428
1.265898
1.287965
1.163529
1.256746
1.163626
1.168513
1.215802
1.199940
1.185222
1.154157
1.117197
1.187905
1.166876
1.201475
1.202129
1.191693
1.185124
1.185558
1.173245
1.203228
1.181471
1.115648
1.124755
1.173170
1.157390
1.371984
1.097871
1.154544
1.180724
1.210133
1.138644
1.156999
1.180523
1.151025
1.172641
1.174333
1.134203
1.230254
1.132282
1.131563
1.150971
1.177536
1.216912
1.110287
1.168387
1.268576
1.195149
1.129168
1.180118
1.180137
1.143595
1.159788
1.145801
1.166360
1.174226
1.146384
1.148669
1.184580
1.263514
1.441139
1.103679
1.081118
0.993357
0.998870
0.947273
0.942500
0.803404
1.037010
0.937789
0.955990
0.999263
0.894649
0.929872
0.975965
0.903035
