17
17
17
17
17
17
17
17
17
17
17
17
17
17
17
17
17
17
17
17
17
17
17
17
17
17
17
17
17
17
17
17
17
17
17
17
17
17
17
17
17
17
17
17
17
17
17
17
17
17
17
17
17
17
17
17
17
17
17
17
17
17
25
17
23
17
17
17
17
25
17
17
17
17
17
17
17
17
25
27
23
29
17
17
17
17
29
25
17
17
17
17
17
17
17
27
31
27
37
25
17
17
17
31
27
17
17
17
17
17
17
17
31
31
31
38
27
17
17
17
31
29
17
17
17
17
17
17
17
33
33
33
40
29
17
17
17
33
31
17
17
17
17
17
17
17
33
33
33
40
31
17
17
17
38
33
17
17
17
17
17
17
17
40
33
33
43
37
17
17
17
38
35
17
17
17
17
17
17
17
40
35
35
43
41
17
17
17
41
35
17
17
17
27
17
17
17
41
33
35
43
41
27
17
17
43
35
17
17
17
29
17
17
17
42
35
33
44
43
29
17
17
45
35
27
17
17
31
17
17
17
45
33
40
44
45
31
17
17
52
35
27
17
17
33
17
27
17
47
35
42
46
51
33
17
17
51
37
29
17
17
35
17
29
17
46
37
45
44
52
35
17
17
59
35
33
17
17
35
17
31
17
47
43
45
46
52
35
17
17
62
37
35
17
17
39
17
33
17
48
43
48
49
59
39
17
17
66
46
37
17
17
44
17
37
17
51
43
50
53
63
39
17
17
72
44
39
17
17
45
17
39
17
52
45
50
57
64
39
17
17
72
47
41
17
17
47
17
41
17
49
49
53
56
66
41
17
17
74
49
41
17
17
47
17
41
17
52
49
52
59
65
39
17
17
75
49
43
17
17
50
17
43
17
50
51
53
58
67
41
17
17
77
50
41
17
17
51
17
43
17
51
52
51
61
63
41
17
17
77
50
41
17
17
52
17
43
17
49
52
52
60
67
41
17
17
80
52
43
17
17
54
17
41
17
58
54
54
65
66
47
17
17
81
53
43
17
17
55
17
45
17
60
54
56
65
67
47
17
17
81
55
41
17
17
54
17
43
17
60
56
55
72
72
48
17
17
79
53
39
17
17
57
17
43
17
60
55
52
70
68
46
17
17
78
54
41
17
17
54
17
43
17
57
55
52
69
66
44
17
17
77
52
41
17
17
53
17
41
17
58
53
52
65
65
43
17
17
78
54
41
17
17
54
17
43
17
59
53
53
67
68
47
17
17
78
52
41
17
17
55
17
41
17
60
54
53
64
65
49
17
17
75
53
39
17
17
53
17
41
17
60
53
50
65
64
49
17
17
72
50
39
17
17
50
17
39
17
59
50
50
63
63
48
17
17
70
50
37
17
17
49
17
39
17
57
50
47
61
61
47
17
17
65
47
35
17
17
47
17
37
17
55
47
44
57
56
46
17
17
61
44
33
17
17
44
17
35
17
52
44
43
53
52
43
17
17
57
41
31
17
17
41
17
33
17
48
41
40
49
49
40
17
17
52
38
29
17
17
38
17
31
17
45
38
37
45
45
38
17
17
46
34
27
17
17
34
17
29
17
39
35
32
41
40
32
17
17
37
29
25
17
17
31
17
27
17
33
29
29
33
33
29
17
17
31
26
21
17
17
26
17
23
17
29
26
25
29
28
26
17
17
27
23
21
17
17
23
17
21
17
25
23
23
25
25
23
17
17
17
17
17
17
17
17
17
17
17
17
17
17
17
17
17
17
